>> x=(5.2^3-6.4^2+3)/(1.6^8-2)

x =

    2.5067

>> y=(13.3/5)^1.5

y =

    4.3383

>> ans=x+y

ans =

    6.8450

>> 