
>> x=(14.8^2+6.5^2)/3.8^2

x =

   18.0949

>> y=55/(sqrt(2)+14)

y =

    3.5681

>> z=x+y

z =

   21.6630

>> ans=z

ans =

   21.6630