>> a=16

a =

    16

>> c=50

c =

    50

>> b=sqrt(c^2-a^2)

b =

   47.3709

>> alpha=acosd(b/c)

alpha =

   18.6629