>> A=2

A =

     2

>> B=23

B =

    23

>> C=13

C =

    13

>> D=-24

D =

   -24

>> x0=8

x0 =

     8

>> y0=3

y0 =

     3

>> z0=-10

z0 =

   -10

>> x=abs((A*x0)+(B*y0)+(C*z0)+D)

x =

    69

>> y=sqrt(A^2+B^2+C^2)

y =

   26.4953

>> d=x/y

d =

    2.6042

>> 