>> a=tand(64)/(cosd(14)^2)

a =

    2.1778

>> 3*sind(80)/(0.9)^(1/3)

ans =

    3.0600

>> b=3*sind(80)/(0.9)^(1/3)

b =

    3.0600

>> c=cosd(55)/sind(11)

c =

    3.0060

>> ans=a-b+c

ans =

    2.1238

>> 