>> x=(-3.5^3)

x =

  -42.8750

>> y=exp(6)/log(524)

y =

   64.4301

>> z=206^(1/3)

z =

    5.9059


>> ans=x+y+z

ans =

   27.4611
