>> a=15*(sqrt(10)+3.7^2)

a =

  252.7842

>> b=log10(1365)+1.9

b =

    5.0351

>> ans=a/b

ans =

   50.2041

>> 