>> a=0.5

a =

    0.5000

>> x=(3*pi)/5

x =

    1.8850

>> x1=(1/2)*x-(sin(2*a*x) / (4*a))

x1 =

    0.4669

>> x=pi/9

x =

    0.3491

>> x2 = 1/2*(x) - (sin(2*a*x) / (4*a))

x2 =

    0.0035

>> x1-x2

ans =

    0.4634

>> 