>> t=6.8

t =

    6.8000

>> ans_a=log(abs(t^2-t^3))

ans_a =

    5.5917

>> ans_b1=75/(2*t)

ans_b1 =

    5.5147

>> ans_b2=cos((0.8*t)-3)

ans_b2 =

   -0.7638

>> ans_b=ans_b1/ans_b2

ans_b =

   -7.2199

