>> a=sqrt(40)/pi

a =

    2.0132

>> b=2*a

b =

    4.0263

>> 