>> a=2.5^3*(16-(216/22))

a =

   96.5909

>> b=1.7^4+14

b =

   22.3521

>> c=a/b

c =

    4.3213

>> d=2050^(1/4)

d =

    6.7288

>> ans=c+d

ans =

   11.0501

>> 