>> x=2.34

x =

    2.3400

>> ans_a=(2*x^4)-(6*x^3)+(14.8*x^2)+9.1

ans_a =

   73.2258

>> ans_b=exp(2*x)/sqrt(14+x^2-x)

ans_b =

   26.0345

>> 