>> a_x=2.3^2*1.7

a_x =

    8.9930

>> a_y1=(1-0.8^2)^2

a_y1 =

    0.1296

>> a_y2=(2-sqrt(0.87))^2

a_y2 =

    1.1390

>> a_y=sqrt(a_y1+a_y2)

a_y =

    1.1263

>> ans=a_x/a_y

ans =

    7.9842

>> b_x=2.34

b_x =

    2.3400

>> b_y=0.5*2.7*(5.9^2-2.4^2)

b_y =

   39.2175

>> b_z=9.8*log(51)

b_z =

   38.5319

>> ans_b=b_x+b_y+b_z

ans_b =

   80.0894

>> 