>> x = 16.5^2*(8.4 - sqrt(70))

x =

    9.0931

>> y=4.3^2-17.3

y =

    1.1900

>> z=x/y

z =

    7.6412

>> ans=z

ans =

    7.6412