>> x=sin((7*pi)/9)

x =

    0.6428

>> y=(cos((5*pi)/7))^2

y =

    0.3887

>> z=x/y

z =

    1.6535

>> a=(1/7)*tan((5*pi)/12)

a =

    0.5332

>> ans=z+a

ans =

    2.1867

>> 