#1

>> r = [ 3 , 4*2.55 , 68/16 , 45 , 110^(1/3) , cosd(25) , 0.05 ]

r =

  Columns 1 through 6

    3.0000   10.2000    4.2500   45.0000    4.7914    0.9063

  Column 7

    0.0500

#2

>> c = [32/(3.2^2) ; sind(35)^2 ; 6.1 ; log(29^2) ; 0.00552 ; log(29)^2 ; 133]  

c =

    3.1250
    0.3290
    6.1000
    6.7346
    0.0055
   11.3387
  133.0000

#3

>> r = linspace(81,12,9)

r =

  Columns 1 through 6

   81.0000   72.3750   63.7500   55.1250   46.5000   37.8750

  Columns 7 through 9

   29.2500   20.6250   12.0000

#4

>> c = linspace(-21,12,15)

c =

  Columns 1 through 6

  -21.0000  -18.6429  -16.2857  -13.9286  -11.5714   -9.2143

  Columns 7 through 12

   -6.8571   -4.5000   -2.1429    0.2143    2.5714    4.9286

  Columns 13 through 15

    7.2857    9.6429   12.0000

>> c = c'

c =

  -21.0000
  -18.6429
  -16.2857
  -13.9286
  -11.5714
   -9.2143
   -6.8571
   -4.5000
   -2.1429
    0.2143
    2.5714
    4.9286
    7.2857
    9.6429
   12.0000


#5
>> a = [zeros(1,8) , 7.5]

a =

  Columns 1 through 6

         0         0         0         0         0         0

  Columns 7 through 9

         0         0    7.5000

#6
>> vecA = 49:-3:10

vecA =

  Columns 1 through 11

    49    46    43    40    37    34    31    28    25    22    19

  Columns 12 through 14

    16    13    10

>> vecB = [vecA(1:4),vecA(11:14)]

vecB =

    49    46    43    40    19    16    13    10

#7
>> A = [linspace(0,30,7) ; linspace(600,0,7) ; linspace(0,5,7)]

A =

  Columns 1 through 6

         0    5.0000   10.0000   15.0000   20.0000   25.0000
  600.0000  500.0000  400.0000  300.0000  200.0000  100.0000
         0    0.8333    1.6667    2.5000    3.3333    4.1667

  Column 7

   30.0000
         0
    5.0000

#8

>> a = [7,2,-3,1,0]

a =

     7     2    -3     1     0

>> b = [-3,10,0,7,-2]

b =

    -3    10     0     7    -2

>> c = [1,0,4,-6,5]

c =

     1     0     4    -6     5

>> M_a = [a;b;c]

M_a =

     7     2    -3     1     0
    -3    10     0     7    -2
     1     0     4    -6     5

>> M_b = [a',b',c']

M_b =

     7    -3     1
     2    10     0
    -3     0     4
     1     7    -6
     0    -2     5




#9

>> a = [7,2,-3,1,0]

a =

     7     2    -3     1     0

>> b = [-3,10,0,7,-2]

b =

    -3    10     0     7    -2

>> c = [1,0,4,-6,5]

c =

     1     0     4    -6     5

>> M_a = [a(1:3) ; b(1:3) ; c(1:3)]

M_a =

     7     2    -3
    -3    10     0
     1     0     4



>> M_b = [a(3:5)' , b(3:5)' , c(3:5)']

M_b =

    -3     0     4
     1     7    -6
     0    -2     5


#10
>> A=[2:3:17;3:3:18;4:3:19;5:3:20;6:3:21]

A =

     2     5     8    11    14    17
     3     6     9    12    15    18
     4     7    10    13    16    19
     5     8    11    14    17    20
     6     9    12    15    18    21

>> B=[5:5:30;30:5:55;55:5:80]

B =

     5    10    15    20    25    30
    30    35    40    45    50    55
    55    60    65    70    75    80

>>  v=99:-1:91

v =

    99    98    97    96    95    94    93    92    91

>>  C=[A(1,1:2),B(1,1:4);A(2,:);A(3,1:2),B(2,1:4);A(4,1:2),v(5:8);A(5,1:2),B(3,3:6)]

C =

     2     5     5    10    15    20
     3     6     9    12    15    18
     4     7    30    35    40    45
     5     8    95    94    93    92
     6     9    65    70    75    80

#(for the fifth row elements from 3 to 6 taken since 3 elements
#     %is mentioned by the question)